-0.167969896634,0.475981802514,
-0.186100643368,0.47510168705,
-0.205064369305,0.476225633961,
-0.222393485232,0.475569277526,
-0.243582361501,0.475489953275,
-0.26243792987,0.476510580119,
-0.284169455185,0.474401434167,
-0.305374249262,0.474473002802,
-0.328111963686,0.474627790259,
-0.35091082654,0.475855182085,
-0.375483840068,0.47469932415,
-0.400785135449,0.47631662285,
-0.428594660928,0.474959660523,
-0.459170642594,0.476524273757,
-0.488746183355,0.4763752914,
-0.522014587713,0.477553159569,
-0.557947877259,0.476532505462,
-0.598110616825,0.477358620475,
-0.639260073082,0.476815277611,
-0.684178651639,0.478233348003,
-0.735307751647,0.479798405966,
-0.790531636863,0.480296503338,
-0.85182079703,0.479486787876,
-0.936195662705,0.488001786506,
-0.899183258507,0.430093048213,
-0.906055353493,0.393964080098,
-0.913938727344,0.360585985114,
-0.916128622239,0.325543253678,
-0.914221503592,0.290447249721,
-0.920881500325,0.256735783168,
-0.914153439454,0.221051440017,
-0.912290019943,0.188199812732,
-0.913534734345,0.155948233863,
-0.911494821843,0.124808612495,
-0.918355942346,0.0924735808679,
-0.914869674735,0.0624698187118,
-0.909496399927,0.0302704231804,
-0.91049969529,0.000744900987501,
-0.909204429492,-0.0315018712547,
-0.919109801363,-0.0627593462249,
-0.909945343438,-0.0936324433955,
-0.906079467117,-0.123815383814,
-0.906880987966,-0.154812382146,
-0.904953486872,-0.185400240287,
-0.907464228211,-0.217862885819,
-0.914899042848,-0.252112556999,
-0.905149626783,-0.28430743155,
-0.905916721896,-0.316914744827,
-0.903855749841,-0.352057926313,
-0.89235518804,-0.382809637258,
-0.88794883905,-0.418783860398,
-0.902221857547,-0.462808513064,
-0.904190696888,-0.503136905982,
-0.904755739141,-0.542625149151,
-0.893292487336,-0.578035061281,
-0.895327412676,-0.622558490515,
-0.868582499504,-0.648970341429,
-0.867806096413,-0.695710170638,
-0.903849595469,-0.773667222565,
-0.876657415234,-0.802868817937,
-0.882400898411,-0.864771012744,
-0.883715097992,-0.9266757122,
-0.885726657503,-0.991828286896,
-0.891368532516,-1.06819413111,
-0.900558823033,-1.15266272984,
-0.903015796282,-1.24004776991,
-0.887385191917,-1.30636062543,
-0.900341091979,-1.42695426717,
-0.82809643545,-1.41818241284,
-0.771604319024,-1.43040705303,
-0.720564269015,-1.4531590189,
-0.68715261416,-1.51000075657,
-0.626931133072,-1.51354564414,
-0.568586963268,-1.51320227174,
-0.508349212551,-1.50971191891,
-0.4531770191,-1.51622453461,
-0.394488051953,-1.51007275963,
-0.341613629505,-1.51162997808,
-0.322021242867,-1.67864167756,
-0.321718079771,-2.0205478161,
-0.333039079549,-2.6179010622,
-0.273621486784,-2.90815616533,
-0.16851654336,-2.83123934649,
-0.0744231489744,-2.87203589722,
0.0232489232495,-3.04466123732,
0.127149128539,-3.04559701235,
0.230517647082,-3.04578920222,
0.336363436496,-3.01806398227,
0.44647110125,-3.06161714715,
0.495384409368,-2.7225478599,
0.576732790707,-2.65278096544,
0.486259541258,-1.88659209185,
0.533258236959,-1.81112662526,
0.605752177328,-1.82694467956,
0.680413941162,-1.8397062588,
0.773965734684,-1.89477244123,
1.27030071151,-2.86364429789,
1.36388797941,-2.81193832473,
1.48372317529,-2.81264386994,
0.331722710352,-0.539999172163,
0.247468840174,-0.357140620964,
0.255726209613,-0.343826054448,
0.256388090373,-0.32250449162,
0.266386774615,-0.310353163848,
0.282474849982,-0.306752276484,
0.280052324759,-0.285605839221,
0.285958935507,-0.268856350499,
0.291437354143,-0.257275788038,
0.290898959454,-0.240198580113,
0.134486980518,-0.081007728466,
0.13427441449,-0.074381661808,
0.135172644602,-0.0689667938307,
0.136086035937,-0.0636840115172,
0.136797970285,-0.0584198410288,
0.137777052437,-0.0533624055089,
0.138335364303,-0.0482242364707,
0.139182365047,-0.0432588922628,
0.140104055267,-0.0383199190737,
0.140598923002,-0.0333495554788,
0.142221844565,-0.0255577175915,
0.142304029037,-0.0236141021385,
0.142813761744,-0.0184453098814,
0.143329503538,-0.0138799645408,
0.14371683435,-0.00902615779127,
0.143940969535,-0.00412277691026,
0.144202607181,0.00369737502584,
-0.912487178352,-0.0219023250653,
0.129844679428,0.139393720175,
0.493346004199,-2.71554961659,
-0.911966845173,0.128675845852,
0.135012413834,-0.0863232912413,
-0.865775519643,-0.674898371673,
-0.249516444124,0.47551082439,
0.13711712472,0.0557036274273,
0.0107968841146,-3.04548086142,
-0.914336699883,0.22347250781,
0.125338689216,0.265944003477,
0.28940420492,-0.248954350583,
-0.891282879091,-0.646812485917,
1.36922738547,-2.82490830459,
0.224712826591,-0.34233666991,
0.24146472098,-0.343649223078,
0.242854313273,-0.31720976108,
0.245030014907,-0.298902227818,
0.261742956061,-0.296497681192,
0.269133070592,-0.281908589464,
0.27430383879,-0.267652697586,
0.282245210038,-0.252190188966,
0.28757081457,-0.242237541697,
0.28899044576,-0.225403576412,
0.134638672011,-0.0822039567127,
0.134425901973,-0.0751377194147,
0.135301014659,-0.0692649654034,
0.136364611036,-0.0636784332174,
0.136988415929,-0.0579718587022,
0.13928040651,-0.0500496589638,
0.138725263971,-0.0470908816669,
0.139634568852,-0.0417761855772,
0.140331773967,-0.0364964822299,
0.141083296859,-0.0312370508753,
0.142137445738,-0.0260229998074,
0.1427402306,-0.0208155967535,
0.143405426642,-0.0155867286365,
0.143624136623,-0.010397469848,
0.143908119429,-0.00514326378818,
0.144249978544,7.86761662868e-05,
-0.313111841328,-2.73488455649,
-0.910168887292,0.0325293576047,
-0.0418121585761,0.476418729581,
0.139608848305,0.0427243428851,
0.548709508111,-1.81956536725,
-0.887720295825,-0.419268099048,
-0.30053052091,0.47430333754,
0.130859985836,0.121031923917,
0.13042658775,0.129787923968,
0.129863978247,0.139033843556,
0.129121948741,0.148783474732,
0.128148716014,0.159047065625,
0.129835771492,0.167590788652,
0.12887538064,0.179225273789,
0.123843294195,0.193811347663,
0.129433770957,0.203292643585,
0.124879764046,0.219744412971,
0.12475131866,0.23493213593,
0.124779593863,0.252333713474,
0.12495707076,0.271637130134,
0.125893899203,0.47923999848,
0.0888792823676,0.478820919724,
0.0695580485102,0.479733509761,
0.051662970668,0.478971815415,
